"frame","surprise","fear","disgust","anger","contempt","happiness","neutral","sadness"
"0","","","","","","","",""
"1","","","","","","","",""
"2","","","","","","","",""
"3","","","","","","","",""
"4","","","","","","","",""
"5","","","","","","","",""
"6","","","","","","","",""
"7","","","","","","","",""
"8","","","","","","","",""
"9","","","","","","","",""
"10","","","","","","","",""
"11","","","","","","","",""
"12","","","","","","","",""
"13","","","","","","","",""
"14","","","","","","","",""
"15","","","","","","","",""
"16","","","","","","","",""
"17","","","","","","","",""
"18","","","","","","","",""
"19","","","","","","","",""
"20","","","","","","","",""
"21","","","","","","","",""
"22","","","","","","","",""
"23","","","","","","","",""
"24","","","","","","","",""
"25","","","","","","","",""
"26","","","","","","","",""
"27","","","","","","","",""
"28","","","","","","","",""
"29","","","","","","","",""
"30","","","","","","","",""
"31","","","","","","","",""
"32","","","","","","","",""
"33","","","","","","","",""
"34","","","","","","","",""
"35","","","","","","","",""
"36","","","","","","","",""
"37","","","","","","","",""
"38","","","","","","","",""
"39","","","","","","","",""
"40","","","","","","","",""
"41","","","","","","","",""
"42","","","","","","","",""
"43","","","","","","","",""
"44","","","","","","","",""
"45","","","","","","","",""
"46","","","","","","","",""
"47","","","","","","","",""
"48","","","","","","","",""
"49","","","","","","","",""
"50","","","","","","","",""
"51","","","","","","","",""
"52","","","","","","","",""
"53","","","","","","","",""
"54","","","","","","","",""
"55","","","","","","","",""
"56","","","","","","","",""
"57","","","","","","","",""
"58","","","","","","","",""
"59","","","","","","","",""
"60","","","","","","","",""
"61","","","","","","","",""
"62","","","","","","","",""
"63","","","","","","","",""
"64","","","","","","","",""
"65","","","","","","","",""
"66","","","","","","","",""
"67","","","","","","","",""
"68","","","","","","","",""
"69","","","","","","","",""
"70","","","","","","","",""
"71","","","","","","","",""
"72","","","","","","","",""
"73","","","","","","","",""
"74","","","","","","","",""
"75","","","","","","","",""
"76","","","","","","","",""
"77","","","","","","","",""
"78","","","","","","","",""
"79","","","","","","","",""
"80","","","","","","","",""
"81","","","","","","","",""
"82","","","","","","","",""
"83","","","","","","","",""
"84","","","","","","","",""
"85","","","","","","","",""
"86","","","","","","","",""
"87","","","","","","","",""
"88","","","","","","","",""
"89","","","","","","","",""
"90","","","","","","","",""
"91","","","","","","","",""
"92","","","","","","","",""
"93","","","","","","","",""
"94","","","","","","","",""
"95","","","","","","","",""
"96","","","","","","","",""
"97","","","","","","","",""
"98","","","","","","","",""
"99","","","","","","","",""
"100","","","","","","","",""
"101","","","","","","","",""
"102","","","","","","","",""
"103","","","","","","","",""
"104","","","","","","","",""
"105","","","","","","","",""
"106","","","","","","","",""
"107","","","","","","","",""
"108","","","","","","","",""
"109","","","","","","","",""
"110","","","","","","","",""
"111","","","","","","","",""
"112","","","","","","","",""
"113","","","","","","","",""
"114","","","","","","","",""
"115","","","","","","","",""
"116","","","","","","","",""
"117","","","","","","","",""
"118","","","","","","","",""
"119","","","","","","","",""
"120","","","","","","","",""
"121","","","","","","","",""
"122","","","","","","","",""
"123","","","","","","","",""
"124","","","","","","","",""
"125","0.0056659","0.000610162","0.000179661","0.0036832","0.000214452","0.262565","0.721701","0.00538056"
"126","0.0129704","0.00233707","0.000378655","0.00718922","0.000280084","0.157435","0.811292","0.00811744"
"127","0.011793","0.00151474","0.000434791","0.0134839","0.000297582","0.190453","0.774865","0.00715803"
"128","0.011091","0.00108682","0.000370833","0.0131949","0.000248962","0.145945","0.821135","0.00692756"
"129","0.0122604","0.000697704","0.00040837","0.0118458","0.000175966","0.595311","0.37701","0.00229094"
"130","0.0431616","0.00793768","0.000874069","0.0375458","0.000191568","0.0681663","0.832623","0.00949951"
"131","0.0181236","0.00254651","0.000542443","0.019396","0.000191397","0.0929928","0.86004","0.00616783"
"132","0.00575003","0.00028404","0.000473856","0.00585576","0.000384358","0.179464","0.803944","0.00384364"
"133","0.00848147","0.000897545","0.000500636","0.00884879","0.000410976","0.0945188","0.881954","0.00438783"
"134","0.0198702","0.0031382","0.000346133","0.0111603","0.000189479","0.16468","0.797235","0.00338038"
"135","0.00315542","0.000325528","5.75582e-05","0.00767277","0.000199543","0.017762","0.969451","0.00137654"
"136","0.00888553","0.000749831","5.23688e-05","0.00107943","0.000244317","0.157444","0.830635","0.00090999"
"137","0.0081511","0.00151448","2.18581e-05","0.000698793","0.000106963","0.026667","0.960968","0.00187181"
"138","0.00440737","0.00124519","1.86863e-05","0.000443892","0.000109552","0.02243","0.969125","0.00222056"
"139","0.00301849","0.000702743","6.19375e-06","0.000265628","4.55125e-05","0.025734","0.969208","0.00101943"
"140","0.00184751","0.000278107","3.6452e-06","0.000193444","3.25488e-05","0.024189","0.973192","0.000263913"
"141","0.0157313","0.0023159","6.7296e-05","0.0010449","0.000277864","0.0583078","0.921101","0.00115419"
"142","0.00367072","0.000690692","4.40793e-05","0.000753912","0.00029694","0.0914465","0.902248","0.000849556"
"143","0.00630616","0.000793283","4.66954e-05","0.00074889","0.000273857","0.174836","0.816155","0.000840299"
"144","0.00097315","5.51004e-05","1.81976e-05","0.000258128","0.000194468","0.0751326","0.922827","0.000541768"
"145","0.000403052","1.73263e-05","1.12846e-06","2.57164e-05","2.68872e-05","0.00724626","0.991949","0.000330365"
"146","9.20546e-05","2.23326e-06","1.2736e-07","1.34084e-05","5.45526e-06","0.00256447","0.997231","9.16705e-05"
"147","0.00022683","3.33821e-06","7.74362e-07","5.33372e-05","2.80301e-05","0.0180872","0.981533","6.76004e-05"
"148","8.89927e-05","5.60267e-07","9.66416e-08","2.01189e-05","3.56568e-06","0.00134118","0.998507","3.80298e-05"
"149","3.3933e-05","5.05753e-07","8.80992e-09","2.02945e-06","4.1299e-07","8.71458e-05","0.999806","6.9904e-05"
"150","0.000633779","6.66107e-06","5.41134e-06","0.000196466","2.98201e-05","0.00061254","0.997701","0.000814192"
"151","","","","","","","",""
"152","","","","","","","",""
"153","","","","","","","",""
"154","","","","","","","",""
"155","0.00598285","0.000103061","3.83632e-05","0.000831652","7.27939e-05","0.00324726","0.985961","0.00376284"
"156","","","","","","","",""
"157","","","","","","","",""
"158","","","","","","","",""
"159","","","","","","","",""
"160","0.0154803","0.000138182","0.000105361","0.00304942","0.000414924","0.0455902","0.933745","0.00147611"
"161","0.00900102","9.99122e-05","8.57849e-05","0.00235908","0.000330732","0.0210952","0.965551","0.00147716"
"162","0.0140347","0.000308973","5.80057e-05","0.000925086","0.000258125","0.0129211","0.969366","0.00212848"
"163","0.00253569","3.92805e-05","6.50132e-06","0.000306358","4.43248e-05","0.00259424","0.993692","0.000781331"
"164","0.00273127","9.23845e-05","8.49605e-06","0.000376918","3.9645e-05","0.00254642","0.992925","0.00127957"
"165","0.00430558","6.85771e-05","6.84633e-05","0.00424259","0.000167406","0.00565598","0.984631","0.000860508"
"166","0.00226797","5.33196e-05","0.000103836","0.005289","0.000311026","0.0161254","0.975194","0.000655593"
"167","0.00359013","8.56209e-05","3.10919e-05","0.00471786","9.03259e-05","0.00657901","0.984643","0.00026315"
"168","0.00400513","6.16055e-05","5.30641e-05","0.0338467","5.36435e-05","0.000504316","0.961297","0.000178852"
"169","0.0131283","0.000294719","0.000100638","0.0375363","8.90919e-05","0.00217645","0.946261","0.000413035"
"170","0.000961409","5.67799e-05","2.71765e-05","0.00782012","5.41545e-05","0.00348175","0.986993","0.000605977"
"171","0.00173445","3.51601e-05","3.70928e-05","0.0112423","0.000171583","0.000754469","0.985835","0.000189968"
"172","0.000234243","1.08616e-05","1.05557e-07","3.45256e-05","6.956e-06","0.00051186","0.99919","1.11391e-05"
"173","3.02919e-05","2.94943e-06","1.10551e-06","4.60413e-05","7.3494e-07","0.136331","0.863473","0.000114636"
"174","0.000284675","4.79476e-05","4.04398e-05","0.00107137","1.28194e-05","0.00321867","0.975879","0.019445"
"175","0.000115616","2.11612e-05","0.000123516","0.00182437","0.000260809","0.0150695","0.962074","0.020511"
"176","6.4413e-05","1.03959e-05","4.32995e-05","0.000743494","2.65005e-05","0.00348785","0.983145","0.0124789"
"177","0.00033239","1.99531e-05","0.000132778","0.0132564","0.000116092","0.0318196","0.950195","0.00412776"
"178","9.18928e-05","7.97581e-06","3.04923e-05","0.00145193","9.55893e-05","0.0249654","0.961098","0.0122583"
"179","0.00213272","0.000732115","6.39247e-05","0.000844847","1.5667e-05","0.0243511","0.969619","0.00224038"
"180","0.00264584","0.000541291","0.000712886","0.00874722","0.000331971","0.0341449","0.838542","0.114334"
"181","0.00269593","0.000430126","0.000806225","0.0109975","0.000321001","0.043367","0.859416","0.081966"
"182","0.00240436","0.000340818","0.000165429","0.00404649","7.13251e-05","0.0379631","0.914167","0.0408418"
"183","0.00495271","0.000927529","0.000392756","0.00610176","0.000105953","0.0143076","0.898256","0.0749554"
"184","0.000882688","0.000177211","0.000100495","0.00184112","4.91914e-05","0.017124","0.926747","0.0530782"
"185","","","","","","","",""
"186","","","","","","","",""
"187","","","","","","","",""
"188","","","","","","","",""
"189","","","","","","","",""
"190","0.00741897","0.000332294","0.00114527","0.00362078","0.006737","0.0172544","0.958371","0.0051207"
"191","0.00539892","0.00054388","0.000247295","0.000785095","0.00205685","0.00346229","0.974791","0.0127147"
"192","0.0561077","0.00919592","0.00520127","0.0159257","0.0107127","0.00650701","0.877735","0.0186142"
"193","0.0923349","0.00712723","0.00690285","0.0154614","0.00355507","0.00499073","0.856705","0.0129232"
"194","0.0127311","0.0017485","0.0158378","0.0122872","0.00415478","0.00335079","0.928949","0.0209408"
"195","0.0140497","0.00129367","0.0082799","0.0188109","0.00543994","0.00163887","0.944584","0.00590298"
"196","0.00840081","0.000446518","0.0125858","0.00934888","0.00886224","0.00306872","0.945955","0.0113321"
"197","0.00621969","0.000275179","0.00424153","0.00495622","0.00388597","0.00289585","0.971167","0.00635883"
"198","0.00849112","0.00051075","0.00789069","0.00814726","0.00857537","0.00454933","0.952254","0.00958115"
"199","0.0223399","0.00140461","0.0166299","0.018323","0.00502981","0.00470997","0.924282","0.00728041"
"200","0.0169124","0.00109056","0.0165871","0.0186673","0.00555529","0.00519362","0.928695","0.00729922"
"201","0.0107775","0.000437629","0.0147837","0.0116413","0.00355467","0.00357404","0.951517","0.00371408"
"202","0.00906865","0.000375515","0.0134395","0.0077783","0.00623485","0.00425285","0.95482","0.00403001"
"203","0.00763388","0.000301476","0.0118209","0.00729342","0.00512752","0.00389592","0.960656","0.00327086"
"204","0.00702068","0.000285526","0.0150018","0.00687321","0.0055899","0.00315955","0.958954","0.00311541"
"205","0.0078873","0.000234595","0.0129171","0.00615018","0.00368931","0.00199087","0.964514","0.00261672"
"206","0.0100821","0.000390373","0.0134775","0.00591639","0.00745152","0.00167764","0.957194","0.00381021"
"207","0.00813247","0.000320893","0.00978183","0.00481884","0.00593346","0.0011077","0.965419","0.0044854"
"208","0.00895769","0.000448874","0.00710068","0.00457269","0.00453089","0.00114542","0.968455","0.00478909"
"209","0.00963096","0.000365301","0.00539347","0.00496419","0.00240922","0.000560977","0.974437","0.00223905"
"210","0.00735262","0.000474705","0.00485","0.00366412","0.00135557","0.000308465","0.978407","0.00358706"
"211","0.0102585","0.000447506","0.00530114","0.00307811","0.000936602","0.000290092","0.976046","0.0036416"
"212","0.00619107","0.000273282","0.00215567","0.00162978","0.000581479","0.000167616","0.986821","0.00218016"
"213","0.00548821","0.000284776","0.002083","0.0015883","0.000587718","0.000157017","0.987015","0.00279582"
"214","0.00342127","0.000527802","0.0016757","0.00295411","0.00161321","0.000335988","0.981246","0.0082264"
"215","0.00671608","0.00204114","0.0104906","0.00841113","0.00867703","0.00156826","0.92962","0.0324755"
"216","0.0163753","0.0122628","0.0368198","0.0189337","0.0117834","0.00176849","0.834909","0.0671477"
"217","0.0155367","0.00820005","0.0269846","0.0158492","0.0106191","0.00263477","0.874508","0.0456672"
"218","0.0192869","0.0103594","0.0330819","0.0128576","0.0115487","0.00249136","0.864196","0.0461786"
"219","0.0115328","0.00329027","0.0189343","0.00773069","0.0140697","0.00438891","0.905099","0.034954"
"220","0.00968103","0.00233751","0.0155511","0.0081828","0.0161366","0.00685811","0.912464","0.0287893"
"221","0.0141534","0.00481435","0.0255714","0.01042","0.0215882","0.00748373","0.87146","0.0445086"
"222","0.0156428","0.00388081","0.0316595","0.0126852","0.0464938","0.0143446","0.838819","0.0364742"
"223","0.0228253","0.0181503","0.0943171","0.0292861","0.143922","0.0210194","0.606286","0.064194"
"224","0.0122809","0.00700182","0.0476572","0.0177833","0.193832","0.0327314","0.643575","0.0451388"
"225","0.0111298","0.00149269","0.0312781","0.0200575","0.085736","0.247381","0.589815","0.0131096"
"226","0.00627112","0.000570334","0.0200635","0.0136063","0.0773591","0.379592","0.494518","0.0080193"
"227","0.00656323","0.000600205","0.0200659","0.0176796","0.0735473","0.370137","0.504464","0.00694272"
"228","0.00905685","0.00113328","0.0233174","0.0268521","0.0702889","0.430125","0.431889","0.00733791"
"229","0.0107147","0.00200662","0.02413","0.0182014","0.103948","0.371978","0.456669","0.0123526"
"230","0.0158732","0.00260632","0.0239154","0.024268","0.0483231","0.37612","0.498486","0.0104084"
"231","0.0202055","0.00372903","0.0353518","0.0291528","0.0646326","0.388227","0.445285","0.0134165"
"232","0.0155416","0.00186524","0.0280682","0.0300616","0.0501509","0.465566","0.399947","0.00879944"
"233","0.0155481","0.00202836","0.0273208","0.0339475","0.0446647","0.441803","0.425792","0.00889483"
"234","0.0150143","0.00184835","0.0288507","0.0327161","0.0526099","0.454968","0.404867","0.00912645"
"235","0.0101779","0.00117667","0.0275048","0.0271653","0.0525437","0.460207","0.413333","0.0078912"
"236","0.00750155","0.000528061","0.0211969","0.02232","0.0294011","0.455912","0.457856","0.00528492"
"237","0.0129553","0.000813222","0.0311162","0.0247535","0.028019","0.410309","0.48533","0.00670341"
"238","","","","","","","",""
"239","","","","","","","",""
"240","","","","","","","",""
"241","","","","","","","",""
"242","","","","","","","",""
"243","","","","","","","",""
"244","","","","","","","",""
"245","","","","","","","",""
"246","","","","","","","",""
"247","","","","","","","",""
"248","","","","","","","",""
"249","","","","","","","",""
"250","","","","","","","",""
"251","","","","","","","",""
"252","","","","","","","",""
"253","","","","","","","",""
"254","","","","","","","",""
"255","","","","","","","",""
"256","","","","","","","",""
"257","","","","","","","",""
"258","","","","","","","",""
"259","","","","","","","",""
"260","","","","","","","",""
"261","","","","","","","",""
"262","","","","","","","",""
"263","","","","","","","",""
"264","","","","","","","",""
"265","","","","","","","",""
"266","","","","","","","",""
"267","","","","","","","",""
"268","","","","","","","",""
"269","","","","","","","",""
"270","","","","","","","",""
"271","","","","","","","",""
"272","","","","","","","",""
"273","","","","","","","",""
"274","","","","","","","",""
"275","","","","","","","",""
"276","","","","","","","",""
"277","","","","","","","",""
"278","","","","","","","",""
"279","","","","","","","",""
"280","","","","","","","",""
"281","","","","","","","",""
"282","","","","","","","",""
"283","","","","","","","",""
"284","","","","","","","",""
"285","","","","","","","",""
"286","","","","","","","",""
"287","","","","","","","",""
"288","","","","","","","",""
"289","","","","","","","",""
"290","","","","","","","",""
"291","","","","","","","",""
"292","","","","","","","",""
"293","","","","","","","",""
"294","","","","","","","",""
"295","","","","","","","",""
"296","","","","","","","",""
"297","","","","","","","",""
"298","","","","","","","",""
"299","","","","","","","",""
"300","","","","","","","",""
"301","","","","","","","",""
"302","","","","","","","",""
"303","","","","","","","",""
"304","","","","","","","",""
"305","","","","","","","",""
"306","","","","","","","",""
"307","","","","","","","",""
"308","","","","","","","",""
"309","","","","","","","",""
"310","0.0013472","7.26972e-05","0.000414338","0.000881272","0.00349218","0.726508","0.266379","0.000905283"
"311","","","","","","","",""
"312","","","","","","","",""
"313","","","","","","","",""
"314","","","","","","","",""
"315","0.000533202","2.50425e-05","3.0308e-05","0.000614673","3.11673e-05","0.000656753","0.990853","0.00725618"
"316","0.000294468","4.1988e-05","8.4865e-05","0.0016027","0.000145043","0.00486885","0.881458","0.111504"
"317","0.000374748","1.42352e-05","1.98602e-05","0.00112688","5.42732e-05","0.468405","0.529783","0.000221578"
"318","0.000594253","1.19925e-05","2.41934e-06","4.13055e-05","2.17521e-05","0.833733","0.165544","5.21481e-05"
"319","0.0113401","0.00245079","0.000482158","0.00382573","0.000484796","0.890529","0.0828043","0.00808316"
"320","0.000378683","7.0854e-05","0.00192779","0.00404344","0.00576666","0.88973","0.0908954","0.00718737"
"321","0.000381687","0.000154967","0.00144116","0.00341556","0.00379","0.852327","0.12412","0.0143696"
"322","0.00030566","0.000159455","0.00173826","0.00294472","0.00916531","0.816422","0.145026","0.0242392"
"323","0.00184819","0.00121113","0.00819387","0.0109729","0.0312997","0.766901","0.152904","0.0266692"
"324","0.000329175","3.69824e-05","0.00100164","0.00227967","0.000756539","0.953508","0.0384448","0.00364313"
"325","0.000131149","5.40574e-05","0.000861686","0.00141114","0.00524742","0.905559","0.0795763","0.00715949"
"326","0.000227166","3.59823e-05","0.000905147","0.00310955","0.00349169","0.88668","0.101734","0.00381648"
"327","0.000258702","3.03571e-05","0.000572023","0.00209632","0.00249115","0.842261","0.150183","0.00210686"
"328","0.000135944","1.00253e-05","0.000325139","0.00111979","0.00184297","0.847303","0.148675","0.000587922"
"329","0.000106112","6.16797e-06","0.000874011","0.0025918","0.00202538","0.847262","0.146648","0.000486551"
"330","0.000246534","1.17519e-05","0.000173026","0.000789962","0.000214734","0.970386","0.0278687","0.000308918"
"331","0.000244096","1.00316e-05","0.000126368","0.000792046","0.000186688","0.972471","0.0258097","0.000359885"
"332","0.000762063","4.80678e-05","0.000312328","0.00153521","0.000489851","0.947198","0.0484353","0.00121914"
"333","0.00263816","0.000142812","0.000549171","0.00333578","0.000444951","0.939236","0.05243","0.00122311"
"334","0.000789239","7.94002e-06","0.000850495","0.0017547","0.00312508","0.907239","0.0859286","0.000305248"
"335","0.00186711","2.69189e-05","0.000344484","0.00155323","0.000203637","0.966134","0.02957","0.000300649"
"336","0.000446111","9.69433e-06","9.18756e-05","0.00066933","0.00022028","0.949976","0.0484199","0.000166458"
"337","0.00965469","0.000487914","0.000972404","0.00700469","0.000658999","0.895397","0.0837543","0.00206989"
"338","0.000212153","7.24182e-06","3.58388e-05","0.000175501","5.73624e-05","0.985876","0.0134508","0.000184662"
"339","0.00556339","0.000143915","0.000744439","0.00686262","0.00125496","0.540822","0.443938","0.000670059"
"340","0.00560376","9.27482e-05","0.000504273","0.00327837","0.000228808","0.936457","0.0526209","0.00121433"
"341","0.00427929","6.90004e-05","0.00125228","0.00363045","0.000842606","0.870822","0.117286","0.00181834"
"342","0.00289186","4.02835e-05","0.000992263","0.00179634","0.00134551","0.775111","0.215526","0.00229692"
"343","0.000224897","4.15295e-06","0.000811834","0.00101829","0.00253303","0.893081","0.102076","0.000250758"
"344","9.68961e-05","8.95489e-06","0.000241511","0.000722047","0.00763067","0.61864","0.371332","0.00132781"
"345","0.000404495","9.25918e-06","0.000749217","0.000365432","0.00106116","0.950852","0.0462659","0.000292872"
"346","0.0012523","4.32068e-05","0.00152743","0.000706733","0.00192199","0.9129","0.0811351","0.000513506"
"347","0.00244799","0.000163685","0.00313997","0.00138855","0.00277331","0.894904","0.0937385","0.00144364"
"348","0.00300179","0.000175648","0.00277456","0.000800529","0.001999","0.929372","0.0607106","0.00116541"
"349","0.00034165","7.39691e-06","0.000220199","0.000137383","8.85797e-05","0.989567","0.00953932","9.86976e-05"
"350","0.000677843","1.68283e-05","0.000599889","0.00023303","0.000587992","0.971422","0.0262763","0.000185975"
"351","0.00269672","4.24161e-05","0.00238277","0.000883085","0.000486063","0.976314","0.016981","0.000214292"
"352","0.00163513","6.62798e-05","0.00166543","0.000664247","0.000548083","0.978123","0.0168926","0.000405242"
"353","0.00506904","0.000447144","0.00853461","0.00469581","0.000761629","0.946165","0.0322703","0.00205664"
"354","0.00104625","1.76854e-05","0.000660677","0.000184638","0.000512681","0.972158","0.0251831","0.000236979"
"355","0.000664374","2.7875e-05","0.000841091","0.000381672","0.000209875","0.98419","0.0134311","0.000253711"
"356","0.000712865","1.50449e-05","0.00074264","0.000342319","0.000376395","0.979994","0.0176727","0.000143903"
"357","0.000961331","4.00008e-05","0.00154085","0.000596638","0.000343976","0.973578","0.022406","0.000532705"
"358","0.00104909","1.47328e-05","0.00018072","9.08514e-05","2.91325e-05","0.996403","0.00220201","3.08139e-05"
"359","0.00920211","0.0014467","0.00559973","0.0016435","0.00105859","0.950778","0.0285912","0.00167985"
"360","0.0036958","2.14408e-05","0.000314074","0.000114411","7.75735e-05","0.99077","0.0049669","4.02514e-05"
"361","0.0025556","3.03719e-05","0.000742132","0.000368776","0.000585499","0.967904","0.0276784","0.000135047"
"362","0.0141298","0.000301011","0.00503739","0.00186477","0.00128903","0.939707","0.0372162","0.000454945"
"363","0.0182392","0.000944153","0.00826847","0.00362485","0.00461373","0.81731","0.144022","0.00297841"
"364","0.00891256","0.000421582","0.00153927","0.00112466","0.00287128","0.852088","0.131993","0.00104962"
"365","0.0047645","0.000176427","0.00073148","0.000381184","0.00106012","0.950063","0.042523","0.000300557"
"366","0.00211435","0.000113554","0.000633634","0.000429247","0.000917822","0.946059","0.0493227","0.000409827"
"367","0.0104262","0.000373885","0.00123321","0.00067083","0.00202986","0.912218","0.0722611","0.00078658"
"368","0.00233683","0.000103712","0.000236027","0.000117629","0.000586423","0.967717","0.0287269","0.000175628"
"369","0.00337916","0.000147003","0.000337177","0.000371154","0.000798777","0.954639","0.0400346","0.000293259"
"370","0.00569129","0.000416681","0.000993634","0.00106809","0.00336211","0.874156","0.113568","0.000743619"
"371","0.00362486","0.000163255","0.000673267","0.000540568","0.0029997","0.902351","0.0891357","0.000511821"
"372","0.00934699","0.0011483","0.00238171","0.00353874","0.00531569","0.839443","0.136172","0.00265337"
"373","0.0148885","0.00193377","0.00264871","0.00363064","0.000785963","0.943854","0.0300681","0.00219057"
"374","0.0314939","0.0217654","0.00148289","0.00451047","0.000796912","0.866976","0.0521086","0.0208658"
"375","0.0605632","0.00652713","0.00100429","0.0125504","0.00134229","0.0647314","0.807755","0.0455262"
"376","0.124374","0.00142865","0.000428793","0.0455578","5.75639e-05","0.215657","0.601964","0.0105329"
"377","0.00176934","3.64209e-05","0.000145607","0.00265812","0.000215087","0.323583","0.670526","0.00106692"
"378","0.00200898","9.76974e-05","0.000241433","0.00423775","0.000322943","0.368716","0.621074","0.00330156"
"379","0.334436","0.00973623","0.000606575","0.0121056","0.000289123","0.0469557","0.593916","0.0019543"
"380","0.0543974","0.00193948","0.000205191","0.0295517","4.99556e-05","0.0450918","0.865894","0.00287041"
"381","0.0110933","0.000187329","0.000198673","0.00567923","5.17749e-05","0.51645","0.460955","0.00538444"
"382","0.00247123","3.41858e-05","0.000123159","0.00224176","2.48772e-05","0.0417908","0.952663","0.000651198"
"383","0.000429793","2.68546e-05","2.70324e-05","0.00142123","1.54515e-05","0.0195342","0.971149","0.00739644"
"384","0.00197887","5.20909e-05","6.9422e-06","0.00148003","4.98719e-06","0.00198653","0.994088","0.000402524"
"385","0.000532836","4.68654e-05","7.20496e-05","0.00237852","0.000138059","0.0248776","0.922474","0.0494802"
"386","1.05654e-05","4.57955e-07","4.93538e-07","3.91502e-05","1.00753e-05","0.000235489","0.999395","0.000309117"
"387","0.000158379","9.10884e-06","3.16448e-05","0.000741646","2.51722e-05","0.000859729","0.997419","0.000755099"
"388","2.90502e-05","4.13816e-06","2.11716e-05","0.00183189","3.19963e-06","4.57088e-05","0.993714","0.00435078"
"389","0.000189204","3.26471e-06","1.01731e-05","0.000298021","2.10355e-05","0.0196724","0.979487","0.000318455"
"390","","","","","","","",""
"391","","","","","","","",""
"392","","","","","","","",""
"393","","","","","","","",""
"394","","","","","","","",""
"395","","","","","","","",""
"396","","","","","","","",""
"397","","","","","","","",""
"398","","","","","","","",""
"399","","","","","","","",""
"400","","","","","","","",""
"401","","","","","","","",""
"402","","","","","","","",""
"403","","","","","","","",""
"404","","","","","","","",""
"405","","","","","","","",""
"406","","","","","","","",""
"407","","","","","","","",""
"408","","","","","","","",""
"409","","","","","","","",""
"410","","","","","","","",""
"411","","","","","","","",""
"412","","","","","","","",""
"413","","","","","","","",""
"414","","","","","","","",""
"415","","","","","","","",""
"416","","","","","","","",""
"417","","","","","","","",""
"418","","","","","","","",""
"419","","","","","","","",""
"420","","","","","","","",""
"421","","","","","","","",""
"422","","","","","","","",""
"423","","","","","","","",""
"424","","","","","","","",""
"425","","","","","","","",""
"426","","","","","","","",""
"427","","","","","","","",""
"428","","","","","","","",""
"429","","","","","","","",""
"430","","","","","","","",""
"431","","","","","","","",""
"432","","","","","","","",""
"433","","","","","","","",""
"434","","","","","","","",""
"435","","","","","","","",""
"436","","","","","","","",""
"437","","","","","","","",""
"438","","","","","","","",""
"439","","","","","","","",""
"440","","","","","","","",""
"441","","","","","","","",""
"442","","","","","","","",""
"443","","","","","","","",""
"444","","","","","","","",""
"445","","","","","","","",""
"446","","","","","","","",""
"447","","","","","","","",""
"448","","","","","","","",""
"449","","","","","","","",""
"450","","","","","","","",""
"451","","","","","","","",""
"452","","","","","","","",""
"453","","","","","","","",""
"454","","","","","","","",""
"455","","","","","","","",""
"456","","","","","","","",""
"457","","","","","","","",""
"458","","","","","","","",""
"459","","","","","","","",""
"460","","","","","","","",""
"461","","","","","","","",""
"462","","","","","","","",""
"463","","","","","","","",""
"464","","","","","","","",""
"465","0.000103698","6.65866e-06","1.54062e-05","0.000381624","0.000512094","8.2504e-05","0.997241","0.00165707"
"466","0.000112435","1.27377e-05","1.75452e-05","0.00058363","0.00036747","4.45908e-05","0.997383","0.0014787"
"467","0.000102659","9.96039e-06","5.20876e-05","0.000918576","0.000202009","4.25279e-05","0.996791","0.0018816"
"468","0.000253112","3.04015e-05","4.4436e-05","0.00174024","0.000157429","2.15694e-05","0.99466","0.00309296"
"469","2.55499e-05","2.84265e-06","6.66959e-06","0.000434869","8.06827e-05","4.35107e-06","0.995852","0.00359337"
"470","0.000102232","1.13635e-05","2.6629e-05","0.00125721","7.88026e-05","8.11167e-06","0.99381","0.00470616"
"471","0.000136414","3.50113e-06","4.61536e-06","0.000158826","2.47649e-05","4.87944e-05","0.999249","0.00037436"
"472","8.37272e-05","7.19062e-06","3.17728e-05","0.000677551","0.000171884","0.000233608","0.993991","0.00480343"
"473","0.000149335","8.91415e-06","4.24199e-05","0.000528153","0.00023523","0.000115476","0.988001","0.0109196"
"474","2.33547e-05","4.07755e-07","5.66214e-06","8.85064e-05","0.000146378","0.000558083","0.998223","0.000954272"
"475","0.000127014","6.67152e-06","0.000216796","0.0017965","0.00228517","0.00931195","0.984996","0.00125973"
"476","0.000538465","0.00027385","0.000214601","0.00160008","0.000294203","0.000330549","0.90562","0.091128"
"477","9.76914e-05","1.80523e-05","5.68753e-05","0.0011251","5.71573e-05","6.2877e-05","0.953993","0.0445893"
"478","1.73849e-05","9.72098e-06","1.39037e-05","0.000165541","4.36407e-05","6.40684e-05","0.807948","0.191738"
"479","1.95503e-05","9.25932e-06","1.06541e-05","0.000178425","3.94546e-05","3.48806e-05","0.853831","0.145877"
"480","0.000129903","2.08201e-05","1.39245e-05","0.000333077","3.30327e-05","4.56275e-05","0.878264","0.12116"
"481","2.04989e-05","2.9576e-06","3.01731e-06","5.20817e-05","4.0315e-06","0.00010463","0.989297","0.0105154"
"482","3.73155e-05","6.87016e-06","8.13268e-06","0.000134162","1.34065e-05","0.000333635","0.987705","0.0117613"
"483","1.38828e-05","1.86098e-06","8.40061e-06","0.000162836","9.76536e-06","0.000480184","0.99722","0.00210259"
"484","8.75872e-05","7.96744e-06","1.39758e-05","0.000291379","1.92337e-05","0.00109065","0.997715","0.000774674"
"485","2.58867e-05","1.52193e-06","1.41457e-05","0.000242837","4.63987e-05","0.00277808","0.996159","0.000731686"
"486","8.17005e-05","5.30783e-06","1.95555e-05","0.000197616","0.000105233","0.00496393","0.991739","0.00288744"
"487","9.53532e-05","5.11122e-06","1.2314e-05","0.000137816","0.000113981","0.0101553","0.987039","0.00244098"
"488","0.000719251","5.30558e-05","3.61807e-05","0.000282431","0.00010125","0.00858103","0.987986","0.0022412"
"489","0.000141654","6.09812e-06","1.30268e-05","0.000152931","5.29587e-05","0.00186829","0.995802","0.00196287"
"490","2.97621e-05","1.46541e-06","3.2891e-06","8.64492e-05","2.05703e-05","0.000156267","0.997828","0.00187461"
"491","8.29733e-05","3.43646e-06","7.55711e-06","7.34769e-05","8.01935e-05","0.000448166","0.998018","0.00128622"
"492","3.30909e-05","1.56968e-06","1.72878e-06","4.44884e-05","0.000184754","0.00015731","0.999344","0.000232875"
"493","9.62544e-06","5.3243e-07","1.21839e-06","7.21949e-05","0.000150052","1.75811e-05","0.999223","0.000525678"
"494","5.53722e-05","1.75507e-06","1.07177e-05","0.00039463","6.78795e-05","3.03669e-05","0.998475","0.000964516"
"495","0.00128503","0.000177808","0.00116156","0.0227981","0.00348169","0.00126965","0.963753","0.006073"
"496","4.9131e-05","1.29596e-06","7.90946e-06","0.000407992","0.000156541","0.000181219","0.998939","0.000257389"
"497","1.68115e-06","1.24476e-08","1.11709e-07","1.18644e-05","9.30962e-05","6.73105e-06","0.999836","5.05154e-05"
"498","0.000920473","2.38505e-05","1.67242e-06","0.000204457","4.23676e-05","6.36944e-05","0.996444","0.00229943"
"499","0.00651334","0.000580497","0.000123521","0.00216473","0.00031864","0.00394137","0.970629","0.0157293"
"500","6.65673e-05","4.32191e-06","3.43516e-06","0.00052803","1.36625e-06","0.000211837","0.998381","0.000803465"
"501","0.00100772","2.25506e-05","0.000340991","0.005164","6.56932e-05","0.155927","0.801401","0.0360703"
"502","0.0018495","3.35483e-05","0.000487585","0.00957144","6.81481e-05","0.152378","0.804901","0.0307115"
"503","0.00332156","0.000101385","0.000597736","0.0184666","6.22345e-05","0.05187","0.818005","0.107576"
"504","0.00359274","7.25973e-05","0.000471191","0.0185453","4.8051e-05","0.115643","0.823259","0.0383684"
"505","0.00208349","5.57408e-05","0.000258926","0.0101668","3.76631e-05","0.0600386","0.857726","0.0696327"
"506","0.00162875","1.93112e-05","7.52882e-05","0.0034901","1.9445e-05","0.114185","0.872891","0.00769075"
"507","0.00137777","0.00019212","0.000205083","0.00132776","0.000385838","0.01632","0.888694","0.0914975"
"508","","","","","","","",""
"509","","","","","","","",""
"510","","","","","","","",""
"511","","","","","","","",""
"512","","","","","","","",""
"513","","","","","","","",""
"514","","","","","","","",""
"515","","","","","","","",""
"516","","","","","","","",""
"517","","","","","","","",""
"518","","","","","","","",""
"519","","","","","","","",""
"520","","","","","","","",""
"521","","","","","","","",""
"522","","","","","","","",""
"523","","","","","","","",""
"524","","","","","","","",""
"525","","","","","","","",""
"526","","","","","","","",""
"527","","","","","","","",""
"528","","","","","","","",""
"529","","","","","","","",""
"530","","","","","","","",""
"531","","","","","","","",""
"532","","","","","","","",""
"533","","","","","","","",""
"534","","","","","","","",""
"535","","","","","","","",""
"536","","","","","","","",""
"537","","","","","","","",""
"538","","","","","","","",""
"539","","","","","","","",""
"540","","","","","","","",""
"541","","","","","","","",""
"542","","","","","","","",""
"543","","","","","","","",""
"544","","","","","","","",""
"545","","","","","","","",""
"546","","","","","","","",""
"547","","","","","","","",""
"548","","","","","","","",""
"549","","","","","","","",""
"550","","","","","","","",""
"551","","","","","","","",""
"552","","","","","","","",""
"553","","","","","","","",""
"554","","","","","","","",""
"555","","","","","","","",""
"556","","","","","","","",""
"557","","","","","","","",""
"558","","","","","","","",""
"559","","","","","","","",""
"560","","","","","","","",""
"561","","","","","","","",""
"562","","","","","","","",""
"563","","","","","","","",""
"564","","","","","","","",""
"565","","","","","","","",""
"566","","","","","","","",""
"567","","","","","","","",""
"568","","","","","","","",""
"569","","","","","","","",""
"570","","","","","","","",""
"571","","","","","","","",""
"572","","","","","","","",""
"573","","","","","","","",""
"574","","","","","","","",""
"575","","","","","","","",""
"576","","","","","","","",""
"577","","","","","","","",""
"578","","","","","","","",""
"579","","","","","","","",""
"580","","","","","","","",""
"581","","","","","","","",""
"582","","","","","","","",""
"583","","","","","","","",""
"584","","","","","","","",""
"585","0.00328072","0.000267553","0.000270501","0.0012691","0.00122539","0.780918","0.211409","0.00135966"
"586","0.00100024","3.99151e-05","0.000148058","0.000586149","0.00169919","0.616641","0.378389","0.00149617"
"587","0.00903742","0.00109634","0.00119981","0.00751543","0.00228533","0.636056","0.33654","0.00626976"
"588","0.00443031","0.000777919","0.00101425","0.00589589","0.00335143","0.70916","0.269769","0.00560099"
"589","0.0131453","0.00188949","0.00269398","0.0179194","0.00319899","0.169544","0.778937","0.0126718"
"590","0.0057804","0.00108179","0.000821069","0.00317763","0.00387731","0.376482","0.599134","0.00964571"
"591","0.00886896","0.00277382","0.0105226","0.0230871","0.00464318","0.0125103","0.901113","0.0364812"
"592","0.010713","0.00197777","0.0128135","0.0293336","0.0045145","0.0103062","0.903757","0.0265842"
"593","0.00990538","0.00318837","0.00380879","0.00940452","0.00176895","0.004863","0.934485","0.0325762"
"594","0.0130194","0.00137188","0.00491949","0.0241385","0.00135682","0.00186403","0.927971","0.0253591"
"595","0.0129235","0.00131978","0.0180835","0.0603395","0.00314136","0.00532811","0.876022","0.0228422"
"596","0.136782","0.00178019","0.00501135","0.141177","0.000188861","0.000651134","0.710195","0.0042138"
"597","0.128829","0.00273731","0.0143725","0.193036","0.000562031","0.00285422","0.652634","0.004976"
"598","0.0782379","0.00314862","0.0103056","0.0587043","0.00108429","0.0101852","0.829514","0.00882051"
"599","0.0213326","0.00199402","0.0101174","0.0352518","0.00208498","0.0112692","0.903364","0.0145862"
"600","0.0109612","0.000470211","0.00709228","0.0365637","0.00327665","0.00885352","0.928621","0.00416195"
"601","0.0904548","0.00268684","0.0121463","0.183248","0.00100132","0.00412135","0.702116","0.00422522"
"602","0.0622234","0.00166564","0.0162241","0.177984","0.00212213","0.00336305","0.733072","0.00334505"
"603","0.0156324","0.000829899","0.0149067","0.193685","0.00253394","0.00327125","0.763511","0.00562972"
"604","0.00375111","0.000244185","0.00677286","0.118618","0.00244959","0.00270516","0.858608","0.00685042"
"605","0.00431838","0.000432602","0.00167668","0.0138529","0.00130755","0.00289315","0.964188","0.011331"
"606","0.00291228","0.000430798","0.00151648","0.0184489","0.00133667","0.00255183","0.957666","0.0151375"
"607","0.00311019","0.000181698","0.00102508","0.0215351","0.000964471","0.00343684","0.963973","0.00577394"
"608","0.00654218","0.000224557","0.000881736","0.025533","0.000968921","0.00179532","0.959535","0.00451898"
"609","0.0095181","0.000308289","0.00120061","0.0343513","0.000818698","0.00113989","0.948382","0.0042809"
"610","0.0161856","0.000640168","0.00241416","0.0807029","0.000467704","0.000893942","0.893876","0.00481988"
"611","0.0150577","0.000748479","0.00173148","0.0543687","0.000295704","0.00089171","0.922408","0.00449813"
"612","0.0121193","0.000556728","0.00424334","0.0682702","0.000586896","0.000321472","0.905396","0.00850552"
"613","0.0169944","0.00164014","0.0125927","0.138346","0.00146209","0.0036285","0.812957","0.0123794"
"614","0.0106306","0.000518057","0.0762197","0.464175","0.00482459","0.00288997","0.43215","0.00859157"
"615","0.00820025","0.000468146","0.00291555","0.022065","0.00105302","0.00801468","0.948352","0.00893121"
"616","0.00665313","0.000323534","0.00395276","0.0223218","0.00190054","0.0107198","0.946978","0.00715036"
"617","0.0149126","0.000769285","0.0010415","0.00612204","0.00117234","0.0212421","0.949332","0.00540853"
"618","0.0129734","0.00201297","0.00179138","0.011204","0.00114383","0.0613717","0.896628","0.0128752"
"619","","","","","","","",""
"620","","","","","","","",""
"621","","","","","","","",""
"622","","","","","","","",""
"623","","","","","","","",""
"624","","","","","","","",""
"625","","","","","","","",""
"626","","","","","","","",""
"627","","","","","","","",""
"628","","","","","","","",""
"629","","","","","","","",""
"630","","","","","","","",""
"631","","","","","","","",""
"632","","","","","","","",""
"633","","","","","","","",""
"634","","","","","","","",""
"635","","","","","","","",""
"636","","","","","","","",""
"637","","","","","","","",""
"638","","","","","","","",""
"639","","","","","","","",""
"640","","","","","","","",""
"641","","","","","","","",""
"642","","","","","","","",""
"643","","","","","","","",""
"644","","","","","","","",""
"645","1.6708e-05","5.43847e-07","1.58398e-07","1.707e-05","8.43642e-06","6.30336e-05","0.999771","0.00012302"
"646","2.36318e-06","4.68472e-08","1.97486e-07","1.85512e-05","5.37927e-06","6.45462e-06","0.999811","0.0001563"
"647","0.000227878","9.76951e-06","9.68718e-05","0.00116829","0.00029552","3.72976e-05","0.997026","0.00113851"
"648","0.000263012","1.16379e-05","6.24593e-05","0.000732391","0.00017648","0.000234535","0.997775","0.000744074"
"649","0.000395866","1.18795e-05","0.000278438","0.00213065","0.000308393","0.000748894","0.995585","0.000540696"
"650","0.000943103","3.43488e-05","0.000236669","0.00143513","0.000338047","0.000331886","0.993396","0.00328528"
"651","0.00238659","0.000427036","0.00207078","0.0028109","0.00424117","0.00293366","0.926735","0.0583953"
