"frame","surprise","fear","disgust","anger","contempt","happiness","neutral","sadness"
"0","","","","","","","",""
"1","","","","","","","",""
"2","","","","","","","",""
"3","","","","","","","",""
"4","","","","","","","",""
"5","","","","","","","",""
"6","","","","","","","",""
"7","","","","","","","",""
"8","","","","","","","",""
"9","","","","","","","",""
"10","","","","","","","",""
"11","","","","","","","",""
"12","","","","","","","",""
"13","","","","","","","",""
"14","","","","","","","",""
"15","","","","","","","",""
"16","","","","","","","",""
"17","","","","","","","",""
"18","","","","","","","",""
"19","","","","","","","",""
"20","","","","","","","",""
"21","","","","","","","",""
"22","","","","","","","",""
"23","","","","","","","",""
"24","","","","","","","",""
"25","","","","","","","",""
"26","","","","","","","",""
"27","","","","","","","",""
"28","","","","","","","",""
"29","","","","","","","",""
"30","","","","","","","",""
"31","","","","","","","",""
"32","","","","","","","",""
"33","","","","","","","",""
"34","","","","","","","",""
"35","","","","","","","",""
"36","","","","","","","",""
"37","","","","","","","",""
"38","","","","","","","",""
"39","","","","","","","",""
"40","","","","","","","",""
"41","","","","","","","",""
"42","","","","","","","",""
"43","","","","","","","",""
"44","","","","","","","",""
"45","","","","","","","",""
"46","","","","","","","",""
"47","","","","","","","",""
"48","","","","","","","",""
"49","","","","","","","",""
"50","","","","","","","",""
"51","","","","","","","",""
"52","","","","","","","",""
"53","","","","","","","",""
"54","","","","","","","",""
"55","","","","","","","",""
"56","","","","","","","",""
"57","","","","","","","",""
"58","","","","","","","",""
"59","","","","","","","",""
"60","","","","","","","",""
"61","","","","","","","",""
"62","","","","","","","",""
"63","","","","","","","",""
"64","","","","","","","",""
"65","","","","","","","",""
"66","","","","","","","",""
"67","","","","","","","",""
"68","","","","","","","",""
"69","","","","","","","",""
"70","","","","","","","",""
"71","","","","","","","",""
"72","","","","","","","",""
"73","","","","","","","",""
"74","","","","","","","",""
"75","","","","","","","",""
"76","","","","","","","",""
"77","","","","","","","",""
"78","","","","","","","",""
"79","","","","","","","",""
"80","","","","","","","",""
"81","","","","","","","",""
"82","","","","","","","",""
"83","","","","","","","",""
"84","","","","","","","",""
"85","","","","","","","",""
"86","","","","","","","",""
"87","","","","","","","",""
"88","","","","","","","",""
"89","","","","","","","",""
"90","","","","","","","",""
"91","","","","","","","",""
"92","","","","","","","",""
"93","","","","","","","",""
"94","","","","","","","",""
"95","","","","","","","",""
"96","","","","","","","",""
"97","","","","","","","",""
"98","","","","","","","",""
"99","","","","","","","",""
"100","","","","","","","",""
"101","","","","","","","",""
"102","","","","","","","",""
"103","","","","","","","",""
"104","","","","","","","",""
"105","","","","","","","",""
"106","","","","","","","",""
"107","","","","","","","",""
"108","","","","","","","",""
"109","","","","","","","",""
"110","","","","","","","",""
"111","","","","","","","",""
"112","","","","","","","",""
"113","","","","","","","",""
"114","","","","","","","",""
"115","","","","","","","",""
"116","","","","","","","",""
"117","","","","","","","",""
"118","","","","","","","",""
"119","","","","","","","",""
"120","","","","","","","",""
"121","","","","","","","",""
"122","","","","","","","",""
"123","","","","","","","",""
"124","","","","","","","",""
"125","","","","","","","",""
"126","","","","","","","",""
"127","","","","","","","",""
"128","","","","","","","",""
"129","","","","","","","",""
"130","","","","","","","",""
"131","","","","","","","",""
"132","","","","","","","",""
"133","","","","","","","",""
"134","","","","","","","",""
"135","","","","","","","",""
"136","","","","","","","",""
"137","","","","","","","",""
"138","","","","","","","",""
"139","","","","","","","",""
"140","","","","","","","",""
"141","","","","","","","",""
"142","","","","","","","",""
"143","","","","","","","",""
"144","","","","","","","",""
"145","","","","","","","",""
"146","","","","","","","",""
"147","","","","","","","",""
"148","","","","","","","",""
"149","","","","","","","",""
"150","","","","","","","",""
"151","","","","","","","",""
"152","","","","","","","",""
"153","","","","","","","",""
"154","","","","","","","",""
"155","","","","","","","",""
"156","","","","","","","",""
"157","","","","","","","",""
"158","","","","","","","",""
"159","","","","","","","",""
"160","","","","","","","",""
"161","","","","","","","",""
"162","","","","","","","",""
"163","","","","","","","",""
"164","","","","","","","",""
"165","","","","","","","",""
"166","","","","","","","",""
"167","","","","","","","",""
"168","","","","","","","",""
"169","","","","","","","",""
"170","","","","","","","",""
"171","","","","","","","",""
"172","","","","","","","",""
"173","","","","","","","",""
"174","","","","","","","",""
"175","","","","","","","",""
"176","","","","","","","",""
"177","","","","","","","",""
"178","","","","","","","",""
"179","","","","","","","",""
"180","","","","","","","",""
"181","","","","","","","",""
"182","","","","","","","",""
"183","","","","","","","",""
"184","","","","","","","",""
"185","","","","","","","",""
"186","","","","","","","",""
"187","","","","","","","",""
"188","","","","","","","",""
"189","","","","","","","",""
"190","","","","","","","",""
"191","","","","","","","",""
"192","","","","","","","",""
"193","","","","","","","",""
"194","","","","","","","",""
"195","","","","","","","",""
"196","","","","","","","",""
"197","","","","","","","",""
"198","","","","","","","",""
"199","","","","","","","",""
"200","","","","","","","",""
"201","","","","","","","",""
"202","","","","","","","",""
"203","","","","","","","",""
"204","","","","","","","",""
"205","","","","","","","",""
"206","","","","","","","",""
"207","","","","","","","",""
"208","","","","","","","",""
"209","","","","","","","",""
"210","","","","","","","",""
"211","","","","","","","",""
"212","","","","","","","",""
"213","","","","","","","",""
"214","","","","","","","",""
"215","","","","","","","",""
"216","","","","","","","",""
"217","","","","","","","",""
"218","","","","","","","",""
"219","","","","","","","",""
"220","","","","","","","",""
"221","","","","","","","",""
"222","","","","","","","",""
"223","","","","","","","",""
"224","","","","","","","",""
"225","","","","","","","",""
"226","","","","","","","",""
"227","","","","","","","",""
"228","","","","","","","",""
"229","","","","","","","",""
"230","","","","","","","",""
"231","","","","","","","",""
"232","","","","","","","",""
"233","","","","","","","",""
"234","","","","","","","",""
"235","","","","","","","",""
"236","","","","","","","",""
"237","","","","","","","",""
"238","","","","","","","",""
"239","","","","","","","",""
"240","","","","","","","",""
"241","","","","","","","",""
"242","","","","","","","",""
"243","","","","","","","",""
"244","","","","","","","",""
"245","","","","","","","",""
"246","","","","","","","",""
"247","","","","","","","",""
"248","","","","","","","",""
"249","","","","","","","",""
"250","","","","","","","",""
"251","","","","","","","",""
"252","","","","","","","",""
"253","","","","","","","",""
"254","","","","","","","",""
"255","","","","","","","",""
"256","","","","","","","",""
"257","","","","","","","",""
"258","","","","","","","",""
"259","","","","","","","",""
"260","","","","","","","",""
"261","","","","","","","",""
"262","","","","","","","",""
"263","","","","","","","",""
"264","","","","","","","",""
"265","","","","","","","",""
"266","","","","","","","",""
"267","","","","","","","",""
"268","","","","","","","",""
"269","","","","","","","",""
"270","","","","","","","",""
"271","","","","","","","",""
"272","","","","","","","",""
"273","","","","","","","",""
"274","","","","","","","",""
"275","","","","","","","",""
"276","","","","","","","",""
"277","","","","","","","",""
"278","","","","","","","",""
"279","","","","","","","",""
"280","","","","","","","",""
"281","","","","","","","",""
"282","","","","","","","",""
"283","","","","","","","",""
"284","","","","","","","",""
"285","","","","","","","",""
"286","","","","","","","",""
"287","","","","","","","",""
"288","","","","","","","",""
"289","","","","","","","",""
"290","","","","","","","",""
"291","","","","","","","",""
"292","","","","","","","",""
"293","","","","","","","",""
"294","","","","","","","",""
"295","","","","","","","",""
"296","","","","","","","",""
"297","","","","","","","",""
"298","","","","","","","",""
"299","","","","","","","",""
"300","","","","","","","",""
"301","","","","","","","",""
"302","","","","","","","",""
"303","","","","","","","",""
"304","","","","","","","",""
"305","","","","","","","",""
"306","","","","","","","",""
"307","","","","","","","",""
"308","","","","","","","",""
"309","","","","","","","",""
"310","","","","","","","",""
"311","","","","","","","",""
"312","","","","","","","",""
"313","","","","","","","",""
"314","","","","","","","",""
"315","","","","","","","",""
"316","","","","","","","",""
"317","","","","","","","",""
"318","","","","","","","",""
"319","","","","","","","",""
"320","","","","","","","",""
"321","","","","","","","",""
"322","","","","","","","",""
"323","","","","","","","",""
"324","","","","","","","",""
"325","","","","","","","",""
"326","","","","","","","",""
"327","","","","","","","",""
"328","","","","","","","",""
"329","","","","","","","",""
"330","","","","","","","",""
"331","","","","","","","",""
"332","","","","","","","",""
"333","","","","","","","",""
"334","","","","","","","",""
"335","","","","","","","",""
"336","","","","","","","",""
"337","","","","","","","",""
"338","","","","","","","",""
"339","","","","","","","",""
"340","","","","","","","",""
"341","","","","","","","",""
"342","","","","","","","",""
"343","","","","","","","",""
"344","","","","","","","",""
"345","","","","","","","",""
"346","","","","","","","",""
"347","","","","","","","",""
"348","","","","","","","",""
"349","","","","","","","",""
"350","","","","","","","",""
"351","","","","","","","",""
"352","","","","","","","",""
"353","","","","","","","",""
"354","","","","","","","",""
"355","","","","","","","",""
"356","","","","","","","",""
"357","","","","","","","",""
"358","","","","","","","",""
"359","","","","","","","",""
"360","","","","","","","",""
"361","","","","","","","",""
"362","","","","","","","",""
"363","","","","","","","",""
"364","","","","","","","",""
"365","","","","","","","",""
"366","","","","","","","",""
"367","","","","","","","",""
"368","","","","","","","",""
"369","","","","","","","",""
"370","","","","","","","",""
"371","","","","","","","",""
"372","","","","","","","",""
"373","","","","","","","",""
"374","","","","","","","",""
"375","","","","","","","",""
"376","","","","","","","",""
"377","","","","","","","",""
"378","","","","","","","",""
"379","","","","","","","",""
"380","","","","","","","",""
"381","","","","","","","",""
"382","","","","","","","",""
"383","","","","","","","",""
"384","","","","","","","",""
"385","","","","","","","",""
"386","","","","","","","",""
"387","","","","","","","",""
"388","","","","","","","",""
"389","","","","","","","",""
"390","","","","","","","",""
"391","","","","","","","",""
"392","","","","","","","",""
"393","","","","","","","",""
"394","","","","","","","",""
"395","","","","","","","",""
"396","","","","","","","",""
"397","","","","","","","",""
"398","","","","","","","",""
"399","","","","","","","",""
"400","","","","","","","",""
"401","","","","","","","",""
"402","","","","","","","",""
"403","","","","","","","",""
"404","","","","","","","",""
"405","","","","","","","",""
"406","","","","","","","",""
"407","","","","","","","",""
"408","","","","","","","",""
"409","","","","","","","",""
"410","","","","","","","",""
"411","","","","","","","",""
"412","","","","","","","",""
"413","","","","","","","",""
"414","","","","","","","",""
"415","","","","","","","",""
"416","","","","","","","",""
"417","","","","","","","",""
"418","","","","","","","",""
"419","","","","","","","",""
"420","","","","","","","",""
"421","","","","","","","",""
"422","","","","","","","",""
"423","","","","","","","",""
"424","","","","","","","",""
"425","","","","","","","",""
"426","","","","","","","",""
"427","","","","","","","",""
"428","","","","","","","",""
"429","","","","","","","",""
"430","","","","","","","",""
"431","","","","","","","",""
"432","","","","","","","",""
"433","","","","","","","",""
"434","","","","","","","",""
"435","","","","","","","",""
"436","","","","","","","",""
"437","","","","","","","",""
"438","","","","","","","",""
"439","","","","","","","",""
"440","","","","","","","",""
"441","","","","","","","",""
"442","","","","","","","",""
"443","","","","","","","",""
"444","","","","","","","",""
"445","","","","","","","",""
"446","","","","","","","",""
"447","","","","","","","",""
"448","","","","","","","",""
"449","","","","","","","",""
"450","","","","","","","",""
"451","","","","","","","",""
"452","","","","","","","",""
"453","","","","","","","",""
"454","","","","","","","",""
"455","","","","","","","",""
"456","","","","","","","",""
"457","","","","","","","",""
"458","","","","","","","",""
"459","","","","","","","",""
"460","","","","","","","",""
"461","","","","","","","",""
"462","","","","","","","",""
"463","","","","","","","",""
"464","","","","","","","",""
"465","","","","","","","",""
"466","","","","","","","",""
"467","","","","","","","",""
"468","","","","","","","",""
"469","","","","","","","",""
"470","","","","","","","",""
"471","","","","","","","",""
"472","","","","","","","",""
"473","","","","","","","",""
"474","","","","","","","",""
"475","","","","","","","",""
"476","","","","","","","",""
"477","","","","","","","",""
"478","","","","","","","",""
"479","","","","","","","",""
"480","","","","","","","",""
"481","","","","","","","",""
"482","","","","","","","",""
"483","","","","","","","",""
"484","","","","","","","",""
"485","","","","","","","",""
"486","","","","","","","",""
"487","","","","","","","",""
"488","","","","","","","",""
"489","","","","","","","",""
"490","","","","","","","",""
"491","","","","","","","",""
"492","","","","","","","",""
"493","","","","","","","",""
"494","","","","","","","",""
"495","","","","","","","",""
"496","","","","","","","",""
"497","","","","","","","",""
"498","","","","","","","",""
"499","","","","","","","",""
"500","","","","","","","",""
"501","","","","","","","",""
"502","","","","","","","",""
"503","","","","","","","",""
"504","","","","","","","",""
"505","","","","","","","",""
"506","","","","","","","",""
"507","","","","","","","",""
"508","","","","","","","",""
"509","","","","","","","",""
"510","","","","","","","",""
"511","","","","","","","",""
"512","","","","","","","",""
"513","","","","","","","",""
"514","","","","","","","",""
"515","","","","","","","",""
"516","","","","","","","",""
"517","","","","","","","",""
"518","","","","","","","",""
"519","","","","","","","",""
"520","","","","","","","",""
"521","","","","","","","",""
"522","","","","","","","",""
"523","","","","","","","",""
"524","","","","","","","",""
"525","","","","","","","",""
"526","","","","","","","",""
"527","","","","","","","",""
"528","","","","","","","",""
"529","","","","","","","",""
"530","","","","","","","",""
"531","","","","","","","",""
"532","","","","","","","",""
"533","","","","","","","",""
"534","","","","","","","",""
"535","","","","","","","",""
"536","","","","","","","",""
"537","","","","","","","",""
"538","","","","","","","",""
"539","","","","","","","",""
"540","","","","","","","",""
"541","","","","","","","",""
"542","","","","","","","",""
"543","","","","","","","",""
"544","","","","","","","",""
"545","","","","","","","",""
"546","","","","","","","",""
"547","","","","","","","",""
"548","","","","","","","",""
"549","","","","","","","",""
"550","","","","","","","",""
"551","","","","","","","",""
"552","","","","","","","",""
"553","","","","","","","",""
"554","","","","","","","",""
"555","","","","","","","",""
"556","","","","","","","",""
"557","","","","","","","",""
"558","","","","","","","",""
"559","","","","","","","",""
"560","","","","","","","",""
"561","","","","","","","",""
"562","","","","","","","",""
"563","","","","","","","",""
"564","","","","","","","",""
"565","","","","","","","",""
"566","","","","","","","",""
"567","","","","","","","",""
"568","","","","","","","",""
"569","","","","","","","",""
"570","","","","","","","",""
"571","","","","","","","",""
"572","","","","","","","",""
"573","","","","","","","",""
"574","","","","","","","",""
"575","","","","","","","",""
"576","","","","","","","",""
"577","","","","","","","",""
"578","","","","","","","",""
"579","","","","","","","",""
"580","","","","","","","",""
"581","","","","","","","",""
"582","","","","","","","",""
"583","","","","","","","",""
"584","","","","","","","",""
"585","","","","","","","",""
"586","","","","","","","",""
"587","","","","","","","",""
"588","","","","","","","",""
"589","","","","","","","",""
"590","","","","","","","",""
"591","","","","","","","",""
"592","","","","","","","",""
"593","","","","","","","",""
"594","","","","","","","",""
"595","","","","","","","",""
"596","","","","","","","",""
"597","","","","","","","",""
"598","","","","","","","",""
"599","","","","","","","",""
"600","","","","","","","",""
"601","","","","","","","",""
"602","","","","","","","",""
"603","","","","","","","",""
"604","","","","","","","",""
"605","","","","","","","",""
"606","","","","","","","",""
"607","","","","","","","",""
"608","","","","","","","",""
"609","","","","","","","",""
"610","","","","","","","",""
"611","","","","","","","",""
"612","","","","","","","",""
"613","","","","","","","",""
"614","","","","","","","",""
"615","","","","","","","",""
"616","","","","","","","",""
"617","","","","","","","",""
"618","","","","","","","",""
"619","","","","","","","",""
"620","","","","","","","",""
"621","","","","","","","",""
"622","","","","","","","",""
"623","","","","","","","",""
"624","","","","","","","",""
"625","","","","","","","",""
"626","","","","","","","",""
"627","","","","","","","",""
"628","","","","","","","",""
"629","","","","","","","",""
"630","","","","","","","",""
"631","","","","","","","",""
"632","","","","","","","",""
"633","","","","","","","",""
"634","","","","","","","",""
"635","","","","","","","",""
"636","","","","","","","",""
"637","","","","","","","",""
"638","","","","","","","",""
"639","","","","","","","",""
"640","","","","","","","",""
"641","","","","","","","",""
"642","","","","","","","",""
"643","","","","","","","",""
"644","","","","","","","",""
"645","","","","","","","",""
"646","","","","","","","",""
"647","","","","","","","",""
"648","","","","","","","",""
"649","","","","","","","",""
"650","","","","","","","",""
"651","","","","","","","",""
"652","","","","","","","",""
"653","","","","","","","",""
"654","","","","","","","",""
"655","","","","","","","",""
"656","","","","","","","",""
"657","","","","","","","",""
"658","","","","","","","",""
"659","","","","","","","",""
"660","","","","","","","",""
"661","","","","","","","",""
"662","","","","","","","",""
"663","","","","","","","",""
"664","","","","","","","",""
"665","","","","","","","",""
"666","","","","","","","",""
"667","","","","","","","",""
"668","","","","","","","",""
"669","","","","","","","",""
"670","","","","","","","",""
"671","","","","","","","",""
"672","","","","","","","",""
"673","","","","","","","",""
"674","","","","","","","",""
"675","","","","","","","",""
"676","","","","","","","",""
"677","","","","","","","",""
"678","","","","","","","",""
"679","","","","","","","",""
"680","","","","","","","",""
"681","","","","","","","",""
"682","","","","","","","",""
"683","","","","","","","",""
"684","","","","","","","",""
"685","","","","","","","",""
"686","","","","","","","",""
"687","","","","","","","",""
"688","","","","","","","",""
"689","","","","","","","",""
"690","","","","","","","",""
"691","","","","","","","",""
"692","","","","","","","",""
"693","","","","","","","",""
"694","","","","","","","",""
"695","","","","","","","",""
"696","","","","","","","",""
"697","","","","","","","",""
"698","","","","","","","",""
"699","","","","","","","",""
"700","0.0539215","0.0121888","0.051748","0.128478","0.00133668","0.00281717","0.571788","0.177723"
"701","0.0324227","0.00477685","0.100858","0.101407","0.00551716","0.00144846","0.517678","0.235892"
"702","0.0440267","0.00606106","0.0994795","0.0930099","0.00523926","0.00207506","0.500453","0.249655"
"703","0.0603507","0.0058878","0.115804","0.147967","0.00840565","0.00162963","0.474674","0.18528"
"704","0.0463082","0.00342788","0.107019","0.130559","0.00598289","0.002569","0.556194","0.147941"
"705","0.0559108","0.00413145","0.0902117","0.0787284","0.00510423","0.0024263","0.615004","0.148483"
"706","0.0324033","0.00380614","0.0318466","0.0315493","0.00490442","0.00715745","0.73916","0.149173"
"707","0.0189512","0.00524586","0.0616526","0.055837","0.00742336","0.00530096","0.503504","0.342085"
"708","0.0139209","0.00621256","0.0532262","0.0445246","0.00823292","0.00442699","0.394612","0.474844"
"709","0.0686307","0.00659797","0.0523533","0.0647622","0.00390318","0.00329663","0.688174","0.112282"
"710","0.0681231","0.00477718","0.0936105","0.0666081","0.005415","0.0012955","0.551125","0.209046"
"711","0.0982164","0.00533491","0.114835","0.140826","0.00589828","0.000479607","0.415878","0.218531"
"712","0.0694201","0.00925099","0.143344","0.219957","0.0123857","0.000514123","0.331301","0.213828"
"713","0.0743666","0.00906045","0.156736","0.245649","0.010975","0.00029679","0.287772","0.215144"
"714","0.0989227","0.0120227","0.154254","0.255546","0.00786594","0.000824218","0.326532","0.144032"
"715","0.0582488","0.0246016","0.178239","0.226375","0.0158682","0.00219891","0.280295","0.214173"
"716","0.0368178","0.0129493","0.186298","0.239072","0.0232244","0.000839878","0.239517","0.261281"
"717","0.02633","0.0148047","0.214962","0.214515","0.0224996","0.00139548","0.171891","0.333602"
"718","0.0233442","0.0112089","0.215414","0.213968","0.0279857","0.000805088","0.140776","0.366498"
"719","0.0439678","0.0191806","0.238735","0.249714","0.0199026","0.00035172","0.157903","0.270245"
"720","0.0136668","0.00882994","0.231437","0.180756","0.0218473","0.000474801","0.124615","0.418373"
"721","0.0131688","0.00724688","0.174004","0.171341","0.028347","0.000505819","0.171531","0.433855"
"722","0.0248915","0.0168488","0.205266","0.203428","0.0251472","0.00109954","0.194859","0.32846"
"723","0.0425316","0.0173618","0.188","0.208311","0.0268843","0.00153632","0.278215","0.23716"
"724","0.02593","0.0120826","0.188921","0.21849","0.0310185","0.000972864","0.267204","0.255381"
"725","0.0221321","0.0131151","0.19758","0.208143","0.0291444","0.000915099","0.202447","0.326523"
"726","0.0106851","0.0102382","0.128945","0.154513","0.0238091","0.000876894","0.245483","0.425449"
"727","0.00398668","0.00470405","0.0882028","0.102474","0.017699","0.00137305","0.218565","0.562996"
"728","0.00476951","0.00516116","0.080762","0.100259","0.016091","0.00139624","0.243671","0.54789"
"729","0.012886","0.00585023","0.191382","0.179683","0.0246026","0.000461891","0.208049","0.377086"
"730","0.0105295","0.00570268","0.192336","0.154779","0.0243015","0.000439979","0.17387","0.438041"
"731","0.00903008","0.00518494","0.155361","0.134283","0.0205051","0.000536008","0.182218","0.492882"
"732","0.00940379","0.00359444","0.180866","0.159347","0.0160937","0.000360177","0.199796","0.430539"
"733","0.0118699","0.00396694","0.172878","0.162859","0.0161153","0.000393618","0.22667","0.405247"
"734","0.0127744","0.00402859","0.162582","0.172458","0.0163221","0.000405511","0.229846","0.401583"
"735","0.00923413","0.00348922","0.185777","0.165035","0.014837","0.000351596","0.186929","0.434348"
"736","0.0110543","0.0044312","0.188154","0.159865","0.0160934","0.000359512","0.180745","0.439298"
"737","0.00952239","0.00382774","0.185192","0.19604","0.0169113","0.000355523","0.195185","0.392966"
"738","0.00849694","0.00402764","0.172244","0.177831","0.0171841","0.000335281","0.168525","0.451356"
"739","0.0088342","0.00357136","0.157755","0.18046","0.01836","0.000232661","0.161838","0.46895"
"740","0.0091755","0.00506816","0.179112","0.207344","0.0220651","0.000247114","0.131817","0.445171"
"741","0.00366124","0.0041232","0.233937","0.106672","0.0102384","0.000152004","0.0370106","0.604206"
"742","0.00905915","0.00590528","0.244614","0.186322","0.0115566","0.000330279","0.1068","0.435412"
"743","0.0103181","0.00675549","0.255168","0.164802","0.0115597","0.000311224","0.104458","0.446628"
"744","0.0145831","0.0082275","0.248041","0.163841","0.0130498","0.00043952","0.117298","0.434521"
"745","0.0149339","0.00917404","0.226297","0.209663","0.0141207","0.000283854","0.108396","0.417132"
"746","0.0147154","0.00983996","0.246096","0.186401","0.0146159","0.000284808","0.0961848","0.431862"
"747","0.0130496","0.00752434","0.201438","0.190896","0.0140718","0.000439072","0.123072","0.44951"
"748","0.0161979","0.00861546","0.190546","0.204675","0.0133365","0.000411841","0.134619","0.431598"
"749","0.0117002","0.00882289","0.183291","0.14691","0.00953149","0.000264504","0.0990743","0.540405"
"750","0.00533501","0.00427458","0.175189","0.16363","0.00967571","0.000441855","0.0935606","0.547893"
"751","0.00447035","0.00433073","0.165657","0.128424","0.00881476","0.000649605","0.0884374","0.599216"
"752","0.0063619","0.00512442","0.173689","0.136382","0.00914233","0.000318407","0.0891914","0.579791"
"753","0.00591818","0.00484455","0.171829","0.146263","0.00982316","0.000245615","0.0849921","0.576084"
"754","0.0109551","0.00637041","0.187251","0.154545","0.0104709","0.000356754","0.111461","0.518589"
"755","0.0136895","0.00694573","0.19257","0.167661","0.0116222","0.000307194","0.136772","0.470433"
"756","0.0136895","0.00694573","0.19257","0.167661","0.0116222","0.000307194","0.136772","0.470433"
"757","0.00856839","0.00447692","0.203905","0.174657","0.0164553","0.000151695","0.0961583","0.495627"
"758","0.00981101","0.00331103","0.198592","0.226896","0.0139118","9.23564e-05","0.103139","0.444247"
"759","0.0112423","0.00380915","0.20295","0.257623","0.0129597","0.000118215","0.115327","0.395971"
"760","0.0176142","0.00444475","0.220063","0.264919","0.0134736","6.03242e-05","0.109638","0.369786"
"761","0.0178673","0.00471936","0.245468","0.248073","0.0144947","5.02237e-05","0.0874452","0.381882"
"762","0.0294369","0.00861124","0.234344","0.253969","0.0192166","0.000126315","0.123912","0.330383"
"763","0.0254483","0.00831628","0.258744","0.222422","0.0198226","0.000156014","0.126607","0.338483"
"764","0.0266578","0.00796635","0.281901","0.230507","0.0184664","0.000104117","0.112214","0.322183"
"765","0.0422639","0.0113189","0.269675","0.223593","0.0200681","9.40884e-05","0.121334","0.311653"
"766","0.0482284","0.0133625","0.290763","0.222369","0.0199667","7.89498e-05","0.110834","0.294397"
"767","0.0596345","0.0178846","0.279206","0.228304","0.0211142","9.62026e-05","0.122448","0.271312"
"768","0.0662372","0.0203247","0.271665","0.231189","0.0219079","0.000110369","0.135855","0.252711"
"769","0.0440906","0.0149394","0.299618","0.232138","0.0187984","0.000137693","0.0989053","0.291373"
"770","0.0418399","0.0146065","0.280499","0.28771","0.0182854","0.000143348","0.0990882","0.257828"
"771","0.0431064","0.0139898","0.348835","0.254603","0.0180959","6.36271e-05","0.07716","0.244146"
"772","","","","","","","",""
"773","","","","","","","",""
"774","","","","","","","",""
"775","","","","","","","",""
"776","","","","","","","",""
"777","","","","","","","",""
"778","","","","","","","",""
"779","","","","","","","",""
"780","","","","","","","",""
"781","","","","","","","",""
"782","","","","","","","",""
"783","","","","","","","",""
"784","","","","","","","",""
"785","0.0653422","0.018369","0.21008","0.169928","0.0198308","0.00021811","0.258364","0.257868"
"786","0.049576","0.013232","0.16345","0.169684","0.0175498","0.000273586","0.338079","0.248155"
"787","0.029319","0.0102988","0.17975","0.143833","0.0205806","0.000291376","0.278623","0.337305"
"788","0.0274586","0.0104043","0.191244","0.136742","0.0213578","0.000245385","0.248893","0.363655"
"789","0.0273612","0.0104906","0.189317","0.136281","0.0219774","0.000267045","0.250294","0.364011"
"790","0.027478","0.0105321","0.186572","0.137799","0.0214695","0.000268934","0.253602","0.362278"
"791","0.0275755","0.010556","0.183448","0.140323","0.0212948","0.000275674","0.258639","0.357888"
"792","0.0249981","0.00989147","0.19373","0.136473","0.021793","0.000265336","0.233129","0.37972"
"793","0.0193048","0.00974078","0.189478","0.134297","0.0228479","0.000206957","0.221357","0.402768"
"794","0.0157716","0.00840121","0.181558","0.141956","0.0233128","0.000275428","0.222412","0.406314"
"795","0.0308635","0.0132672","0.274421","0.162533","0.0208422","0.000216406","0.147375","0.350482"
"796","0.0304875","0.0163273","0.23238","0.190427","0.018274","0.000382965","0.176576","0.335146"
"797","0.0278202","0.0152006","0.235684","0.194754","0.0181976","0.000424366","0.168507","0.339412"
"798","0.0323869","0.0165443","0.238104","0.199582","0.0180391","0.000362259","0.162934","0.332047"
"799","0.0337382","0.0169512","0.238266","0.194109","0.0176433","0.000278468","0.159064","0.33995"
"800","0.0308015","0.0165924","0.199376","0.223394","0.0118251","0.000392063","0.193272","0.324346"
"801","0.0391347","0.0212116","0.289252","0.214756","0.0210166","0.000332974","0.150684","0.263612"
"802","0.0394853","0.0213954","0.289347","0.214135","0.0210257","0.000327935","0.151425","0.262858"
"803","0.0444541","0.0239083","0.279599","0.199226","0.0204924","0.000331137","0.152206","0.279783"
"804","0.0394747","0.0209431","0.3296","0.218624","0.0183284","0.000160934","0.0984432","0.274426"
"805","0.0364486","0.0194562","0.258652","0.194329","0.0208969","0.00052383","0.163981","0.305713"
"806","0.0321418","0.0167337","0.288706","0.19841","0.0178282","0.000336223","0.118551","0.327293"
"807","0.0168371","0.00806127","0.289497","0.213112","0.0171721","0.000316839","0.0868416","0.368162"
"808","0.0188028","0.00835062","0.267031","0.226835","0.016326","0.000373837","0.0926234","0.369658"
"809","0.0168568","0.00802152","0.260789","0.209673","0.0150991","0.000275334","0.0783709","0.410914"
"810","0.0301618","0.00824917","0.20072","0.220015","0.0138737","0.000169153","0.192754","0.334057"
"811","0.0180932","0.00690959","0.15915","0.187061","0.0147805","0.00028234","0.198005","0.415719"
"812","0.0136106","0.00546696","0.16398","0.183426","0.0173843","0.00037747","0.240481","0.375274"
"813","0.0121641","0.00572812","0.112651","0.159967","0.0127158","0.000458223","0.193112","0.503204"
"814","0.0181085","0.00641654","0.138538","0.169022","0.014973","0.000415463","0.216739","0.435787"
"815","0.0251737","0.00911004","0.130382","0.151067","0.0178499","0.000574032","0.268929","0.396914"
"816","0.028431","0.00983067","0.121575","0.15886","0.0163187","0.000592939","0.307468","0.356923"
"817","0.0422425","0.010287","0.127708","0.149533","0.0147969","0.000577449","0.319632","0.335223"
"818","0.0420446","0.0109026","0.134173","0.138811","0.0167162","0.000416379","0.303706","0.353231"
"819","0.0541032","0.0140201","0.183917","0.203256","0.0155578","0.00033545","0.194818","0.333993"
"820","0.0581438","0.0144037","0.171392","0.170889","0.0160537","0.000352756","0.222982","0.345783"
"821","0.0486705","0.014741","0.148788","0.190463","0.0169996","0.000532039","0.231679","0.348127"
"822","0.0513394","0.0167493","0.150178","0.204539","0.016495","0.000395917","0.247572","0.31273"
"823","0.0568499","0.0234885","0.164794","0.204669","0.0158392","0.000339473","0.212906","0.321114"
"824","0.0761168","0.0358956","0.141931","0.232132","0.016177","0.00027208","0.211872","0.285604"
"825","0.0947743","0.0410527","0.135868","0.219306","0.0131442","0.000272498","0.240237","0.255346"
"826","0.0607036","0.0240415","0.120483","0.226688","0.0135859","0.000274017","0.283038","0.271185"
"827","0.0429781","0.0262228","0.126706","0.222068","0.01335","0.000314062","0.19971","0.368652"
"828","0.042121","0.0244348","0.133382","0.225929","0.0136271","0.000275618","0.195102","0.365128"
"829","0.0593119","0.0408354","0.167955","0.182785","0.0152386","0.000333793","0.19287","0.340671"
"830","0.0386397","0.0212603","0.151986","0.183775","0.0158072","0.000375027","0.229241","0.358916"
"831","0.0151636","0.0132843","0.104399","0.167292","0.0113116","0.000495019","0.274661","0.413393"
"832","0.0254567","0.0201439","0.11676","0.168255","0.0116608","0.000638895","0.258401","0.398684"
"833","0.0222237","0.0183795","0.127277","0.171844","0.0121853","0.000462299","0.211562","0.436067"
"834","0.0257707","0.0207042","0.135875","0.180121","0.0117251","0.000314009","0.216427","0.409063"
"835","0.0285483","0.0166441","0.103357","0.204369","0.012702","0.000630697","0.376369","0.25738"
"836","0.0475648","0.0156291","0.0912997","0.168024","0.00950606","0.000643267","0.477237","0.190096"
"837","0.041638","0.0144052","0.0585284","0.133444","0.00617528","0.000679732","0.573081","0.172049"
"838","0.0375795","0.0154886","0.0528251","0.129578","0.00565684","0.000571863","0.555294","0.203006"
"839","0.0474366","0.016604","0.0660006","0.119893","0.0068214","0.000554953","0.538815","0.203874"
"840","0.0582853","0.0209345","0.077627","0.128884","0.00794046","0.000337808","0.426848","0.279143"
"841","0.0585857","0.0178502","0.0765385","0.120131","0.00706619","0.000249076","0.4136","0.30598"
"842","0.0580057","0.0163218","0.0744158","0.119866","0.00617855","0.000226776","0.4309","0.294086"
"843","0.0605028","0.0168529","0.0735126","0.1173","0.00603839","0.000229922","0.430746","0.294817"
"844","0.0576215","0.0177838","0.0784127","0.120686","0.00772274","0.000205366","0.392349","0.325219"
"845","0.0561475","0.0173567","0.0773839","0.120703","0.00790327","0.000207415","0.389922","0.330376"
"846","0.061444","0.0184554","0.100133","0.153745","0.0094832","0.000252368","0.361042","0.295445"
"847","0.0677866","0.013663","0.0951618","0.143109","0.00705898","0.000224079","0.41889","0.254106"
"848","0.0622991","0.0126054","0.0890617","0.127844","0.00770282","0.000269209","0.440207","0.260011"
"849","0.0621213","0.0166615","0.0995382","0.142343","0.00899957","0.000420914","0.421124","0.248792"
"850","0.0592112","0.0144785","0.105184","0.15204","0.00984517","0.000419628","0.41844","0.240381"
"851","0.0592112","0.0144785","0.105184","0.15204","0.00984517","0.000419628","0.41844","0.240381"
"852","0.0477577","0.0116515","0.103569","0.175143","0.00979271","0.000471929","0.456418","0.195197"
"853","0.0477577","0.0116515","0.103569","0.175143","0.00979271","0.000471929","0.456418","0.195197"
"854","0.0630718","0.0119226","0.11637","0.201378","0.0106955","0.000476117","0.471391","0.124695"
"855","0.0606661","0.0123244","0.0990279","0.164743","0.00715858","0.000560218","0.525311","0.130209"
"856","0.0500608","0.0114312","0.0976234","0.167487","0.00774911","0.000511634","0.515409","0.149727"
"857","0.0713624","0.0152679","0.0763024","0.130253","0.00690777","0.00064295","0.55019","0.149074"
"858","0.0771752","0.0160419","0.073773","0.138796","0.00657824","0.000622047","0.54596","0.141053"
"859","0.0446456","0.0245913","0.105209","0.146991","0.0118733","0.00123091","0.553623","0.111835"
"860","0.0152768","0.00393111","0.09044","0.222894","0.00669957","8.07136e-05","0.59971","0.0609677"
"861","0.00344854","0.00238357","0.103996","0.382334","0.0101873","0.0931947","0.262619","0.141837"
"862","0.00231245","0.000493766","0.00162798","0.00676227","0.000437274","0.0494101","0.908948","0.0300082"
"863","0.00230115","0.000561691","0.00346136","0.0189974","0.000547645","0.196421","0.749157","0.0285531"
"864","0.00477867","0.000446871","0.00044549","0.00834232","4.05759e-05","0.861609","0.118064","0.00627362"
"865","0.00247943","0.00103902","0.00140402","0.00727108","0.000912285","0.32882","0.637974","0.0200998"
"866","0.0117245","0.00130162","0.00106325","0.00873134","0.00018498","0.0758392","0.896547","0.00460787"
"867","5.07352e-05","1.25171e-05","3.02592e-05","0.00129757","1.2547e-05","0.0552496","0.929763","0.0135834"
"868","5.12598e-05","1.2962e-05","3.02842e-05","0.00129607","1.23986e-05","0.0567376","0.928261","0.0135984"
"869","0.00156153","0.00028081","0.000247134","0.00505468","0.000120963","0.0263684","0.952643","0.0137239"
"870","0.000526559","6.33326e-05","4.07483e-05","0.00118948","4.75713e-05","0.0680528","0.928062","0.00201753"
"871","0.00014096","1.24602e-05","9.6424e-06","0.000672734","7.75532e-06","0.0262205","0.971619","0.00131664"
"872","0.000203632","3.2995e-05","2.92876e-05","0.000617263","5.07966e-05","0.0142963","0.983374","0.00139611"
"873","0.000155084","2.96315e-05","3.25895e-05","0.00070484","4.74584e-05","0.0150523","0.982223","0.0017553"
"874","0.000107371","1.56991e-05","2.04895e-05","0.000206193","3.69166e-05","0.011314","0.984063","0.00423599"
"875","0.000118284","1.30832e-05","5.05065e-05","0.000438173","9.83742e-05","0.00601911","0.978966","0.0142968"
"876","5.28502e-05","6.86276e-06","0.000110663","0.000711553","0.000306284","0.00594497","0.97303","0.019837"
"877","6.76635e-05","2.42324e-05","8.81453e-05","0.00174868","0.000313152","0.00567185","0.977352","0.0147338"
"878","","","","","","","",""
"879","","","","","","","",""
"880","","","","","","","",""
"881","","","","","","","",""
"882","","","","","","","",""
"883","","","","","","","",""
"884","","","","","","","",""
"885","","","","","","","",""
"886","","","","","","","",""
"887","","","","","","","",""
"888","","","","","","","",""
"889","","","","","","","",""
"890","","","","","","","",""
"891","","","","","","","",""
"892","","","","","","","",""
"893","","","","","","","",""
"894","","","","","","","",""
"895","","","","","","","",""
"896","","","","","","","",""
"897","","","","","","","",""
"898","","","","","","","",""
"899","","","","","","","",""
"900","0.0118748","0.00777162","0.0669716","0.0806068","0.00968199","0.000471815","0.549887","0.272734"
"901","0.0133263","0.00649149","0.0337061","0.0488327","0.00918051","0.00222863","0.735224","0.15101"
"902","0.0114227","0.00712472","0.0299164","0.0827809","0.00977894","0.00250906","0.762302","0.0941657"
"903","0.0116895","0.00756567","0.0259644","0.0778172","0.00886745","0.00262544","0.771477","0.0939936"
"904","0.0172048","0.0151487","0.0423448","0.0506551","0.0216659","0.00346619","0.620696","0.228819"
"905","0.0148741","0.00744242","0.0625549","0.0955841","0.0454997","0.00545548","0.595353","0.173236"
"906","0.0275084","0.0156198","0.037236","0.0510183","0.0136229","0.00697361","0.66927","0.178751"
"907","0.0292325","0.00870584","0.0698759","0.0705656","0.0443247","0.0211028","0.636743","0.11945"
"908","0.0292325","0.00870584","0.0698759","0.0705656","0.0443247","0.0211028","0.636743","0.11945"
"909","0.0252826","0.00965934","0.0637965","0.0520969","0.0330774","0.0495769","0.620569","0.145942"
"910","0.0232884","0.011078","0.0310034","0.0407817","0.0148966","0.0220485","0.730527","0.126377"
"911","0.0418647","0.0272205","0.0398739","0.0556073","0.0101437","0.00489328","0.627714","0.192683"
